0 0
1.5e-05 405.86
3e-05 785.361
4.5e-05 1137.74
6e-05 1462.46
7.5e-05 1759.15
9e-05 2027.67
0.000105 2268.03
0.00012 2480.43
0.000135 2665.23
0.00015 2822.91
0.000165 2954.12
0.00018 3059.61
0.000195 3140.26
0.00021 3197.03
0.000225 3230.99
0.00024 3243.27
0.000255 3235.07
0.00027 3207.65
0.000285 3162.3
0.0003 3100.36
0.000315 3023.19
0.00033 2932.14
0.000345 2828.59
0.00036 2713.9
0.000375 2589.43
0.00039 2456.52
0.000405 2316.47
0.00042 2170.54
0.000435 2019.99
0.00045 1865.99
0.000465 1709.69
0.00048 1552.18
0.000495 1394.48
0.00051 1237.57
0.000525 1082.35
0.00054 929.682
0.000555 780.333
0.00057 635.02
0.000585 494.391
0.0006 359.028
0.000615 229.445
0.00063 106.09
0.000645 -10.6505
0.00066 -120.456
0.000675 -223.065
0.00069 -318.276
0.000705 -405.945
0.00072 -485.982
0.000735 -558.348
0.00075 -623.054
0.000765 -680.156
0.00078 -729.755
0.000795 -771.99
0.00081 -807.037
0.000825 -835.106
0.00084 -856.436
0.000855 -871.294
0.00087 -879.97
0.000885 -882.776
0.0009 -880.039
0.000915 -872.104
0.00093 -859.323
0.000945 -842.06
0.00096 -820.684
0.000975 -795.567
0.00099 -767.083
0.001005 -735.603
0.00102 -701.495
0.001035 -665.121
0.00105 -626.837
0.001065 -586.988
0.00108 -545.909
0.001095 -503.922
0.00111 -461.337
0.001125 -418.448
0.00114 -375.535
0.001155 -332.86
0.00117 -290.669
0.001185 -249.19
0.0012 -208.635
0.001215 -169.196
0.00123 -131.048
0.001245 -94.3462
0.00126 -59.2301
0.001275 -25.8199
0.00129 5.78115
0.001305 35.4872
0.00132 63.2287
0.001335 88.9524
0.00135 112.62
0.001365 134.209
0.00138 153.71
0.001395 171.127
0.00141 186.477
0.001425 199.787
0.00144 211.097
0.001455 220.455
0.00147 227.92
0.001485 233.558
0.0015 237.441
0.001515 239.649
0.00153 240.267
0.001545 239.386
0.00156 237.098
0.001575 233.501
0.00159 228.693
0.001605 222.775
0.00162 215.849
0.001635 208.015
0.00165 199.375
0.001665 190.03
0.00168 180.077
0.001695 169.613
0.00171 158.732
0.001725 147.524
0.00174 136.077
0.001755 124.475
0.00177 112.798
0.001785 101.121
0.0018 89.515
0.001815 78.0471
0.00183 66.7787
0.001845 55.7667
0.00186 45.0632
0.001875 34.7151
0.00189 24.7646
0.001905 15.2489
0.00192 6.2003
0.001935 -2.35348
0.00195 -10.3895
0.001965 -17.8893
0.00198 -24.8387
0.001995 -31.2278
0.00201 -37.0507
0.002025 -42.3052
0.00204 -46.9928
0.002055 -51.1182
0.00207 -54.6895
0.002085 -57.7175
0.0021 -60.2157
0.002115 -62.2001
0.00213 -63.6888
0.002145 -64.702
0.00216 -65.2615
0.002175 -65.3905
0.00219 -65.1136
0.002205 -64.4564
0.00222 -63.4453
0.002235 -62.1072
0.00225 -60.4696
0.002265 -58.56
0.00228 -56.4061
0.002295 -54.0355
0.00231 -51.4752
0.002325 -48.752
0.00234 -45.8922
0.002355 -42.9211
0.00237 -39.8635
0.002385 -36.743
0.0024 -33.5824
0.002415 -30.4032
0.00243 -27.2259
0.002445 -24.0699
0.00246 -20.9529
0.002475 -17.8918
0.00249 -14.9018
0.002505 -11.9971
0.00252 -9.19019
0.002535 -6.49254
0.00255 -3.91411
0.002565 -1.46359
0.00258 0.851624
0.002595 3.02539
0.00261 5.05279
0.002625 6.93009
0.00264 8.65469
0.002655 10.2251
0.00267 11.6408
0.002685 12.9022
0.0027 14.0108
0.002715 14.9689
0.00273 15.7794
0.002745 16.446
0.00276 16.9733
0.002775 17.3661
0.00279 17.63
0.002805 17.7711
0.00282 17.7955
0.002835 17.7102
0.00285 17.522
0.002865 17.2381
0.00288 16.8659
0.002895 16.4129
0.00291 15.8867
0.002925 15.2946
0.00294 14.6442
0.002955 13.9428
0.00297 13.1979
0.002985 12.4163
0.003 11.6052
0.003015 10.7711
0.00303 9.92048
0.003045 9.0595
0.00306 8.19401
0.003075 7.32954
0.00309 6.47131
0.003105 5.62417
0.00312 4.79264
0.003135 3.98084
0.00315 3.19258
0.003165 2.43127
0.00318 1.69995
0.003195 1.00132
0.00321 0.337711
0.003225 -0.288901
0.00324 -0.876875
0.003255 -1.4249
0.00327 -1.932
0.003285 -2.39748
0.0033 -2.82096
0.003315 -3.20234
0.00333 -3.54177
0.003345 -3.83964
0.00336 -4.0966
0.003375 -4.31348
0.00339 -4.49132
0.003405 -4.63134
0.00342 -4.73491
0.003435 -4.80354
0.00345 -4.83888
0.003465 -4.84266
0.00348 -4.81672
0.003495 -4.76297
0.00351 -4.68337
0.003525 -4.57992
0.00354 -4.45467
0.003555 -4.30966
0.00357 -4.14693
0.003585 -3.96852
0.0036 -3.77644
0.003615 -3.57266
0.00363 -3.35911
0.003645 -3.13767
0.00366 -2.91015
0.003675 -2.67829
0.00369 -2.44377
0.003705 -2.20816
0.00372 -1.97297
0.003735 -1.73961
0.00375 -1.50938
0.003765 -1.28351
0.00378 -1.06311
0.003795 -0.849214
0.00381 -0.642731
0.003825 -0.444485
0.00384 -0.255199
0.003855 -0.0754996
0.00387 0.094084
0.003885 0.253114
0.0039 0.401242
0.003915 0.538209
0.00393 0.663836
0.003945 0.778026
0.00396 0.880756
0.003975 0.972076
0.00399 1.0521
0.004005 1.12101
0.00402 1.17903
0.004035 1.22645
0.00405 1.26362
0.004065 1.2909
0.00408 1.30871
0.004095 1.3175
0.00411 1.31775
0.004125 1.30996
0.00414 1.29465
0.004155 1.27235
0.00417 1.24361
0.004185 1.209
0.0042 1.16905
0.004215 1.12434
0.00423 1.0754
0.004245 1.0228
0.00426 0.967065
0.004275 0.908719
0.00429 0.848271
0.004305 0.786214
0.00432 0.72302
0.004335 0.659142
0.00435 0.595008
0.004365 0.531025
0.00438 0.467573
0.004395 0.405007
0.00441 0.343656
0.004425 0.283824
0.00444 0.225783
0.004455 0.169783
0.00447 0.116045
0.004485 0.0647633
0.0045 0.0161048
0.004515 -0.029788
0.00453 -0.0727983
0.004545 -0.112834
0.00456 -0.149826
0.004575 -0.183728
0.00459 -0.214516
0.004605 -0.242185
0.00462 -0.266751
0.004635 -0.288246
0.00465 -0.30672
0.004665 -0.322239
0.00468 -0.334882
0.004695 -0.34474
0.00471 -0.351919
0.004725 -0.356531
0.00474 -0.358701
0.004755 -0.358558
0.00477 -0.356239
0.004785 -0.351887
0.0048 -0.345648
0.004815 -0.33767
0.00483 -0.328105
0.004845 -0.317105
0.00486 -0.30482
0.004875 -0.291402
0.00489 -0.276999
0.004905 -0.261756
0.00492 -0.245816
0.004935 -0.229316
0.00495 -0.212391
0.004965 -0.195169
0.00498 -0.177771
0.004995 -0.160314
0.00501 -0.142908
0.005025 -0.125657
0.00504 -0.108655
0.005055 -0.0919916
0.00507 -0.0757489
0.005085 -0.0600007
0.0051 -0.044814
0.005115 -0.0302481
0.00513 -0.0163552
0.005145 -0.00318029
0.00516 0.00923855
0.005175 0.0208702
0.00519 0.0316902
0.005205 0.0416803
0.00522 0.0508286
0.005235 0.0591289
0.00525 0.0665805
0.005265 0.073188
0.00528 0.0789608
0.005295 0.083913
0.00531 0.0880625
0.005325 0.0914314
0.00534 0.0940452
0.005355 0.0959322
0.00537 0.0971239
0.005385 0.0976539
0.0054 0.0975578
0.005415 0.0968732
0.00543 0.0956387
0.005445 0.0938944
0.00546 0.0916809
0.005475 0.0890392
0.00549 0.0860106
0.005505 0.0826363
0.00552 0.0789573
0.005535 0.0750139
0.00555 0.0708457
0.005565 0.0664912
0.00558 0.0619881
0.005595 0.0573723
0.00561 0.0526788
0.005625 0.0479407
0.00564 0.0431893
0.005655 0.0384546
0.00567 0.0337643
0.005685 0.0291444
0.0057 0.0246188
0.005715 0.0202096
0.00573 0.0159369
0.005745 0.0118185
0.00576 0.00787057
0.005775 0.00410702
0.00579 0.00053995
0.005805 -0.00282047
0.00582 -0.00596593
0.005835 -0.00888993
0.00585 -0.0115877
0.005865 -0.0140561
0.00588 -0.0162936
0.005895 -0.0183002
0.00591 -0.0200772
0.005925 -0.0216273
0.00594 -0.0229545
0.005955 -0.0240637
0.00597 -0.0249611
0.005985 -0.0256537
0.006 -0.0261492
0.006015 -0.0264562
0.00603 -0.0265841
0.006045 -0.0265425
0.00606 -0.0263417
0.006075 -0.0259922
0.00609 -0.025505
0.006105 -0.0248911
0.00612 -0.0241618
0.006135 -0.0233281
0.00615 -0.0224015
0.006165 -0.0213929
0.00618 -0.0203134
0.006195 -0.0191737
0.00621 -0.0179843
0.006225 -0.0167553
0.00624 -0.0154967
0.006255 -0.0142177
0.00627 -0.0129273
0.006285 -0.0116342
0.0063 -0.0103463
0.006315 -0.00907121
0.00633 -0.0078159
0.006345 -0.00658685
0.00636 -0.00539002
0.006375 -0.0042308
0.00639 -0.00311404
0.006405 -0.00204403
0.00642 -0.00102454
0.006435 -5.88196e-05
0.00645 0.000850425
0.006465 0.00170098
0.00648 0.00249111
0.006495 0.00321957
0.00651 0.00388554
0.006525 0.00448865
0.00654 0.00502892
0.006555 0.00550677
0.00657 0.00592295
0.006585 0.00627855
0.0066 0.00657499
0.006615 0.00681393
0.00663 0.0069973
0.006645 0.00712726
0.00666 0.00720616
0.006675 0.00723652
0.00669 0.00722102
0.006705 0.00716245
0.00672 0.00706369
0.006735 0.00692772
0.00675 0.00675756
0.006765 0.00655625
0.00678 0.00632685
0.006795 0.00607242
0.00681 0.00579598
0.006825 0.0055005
0.00684 0.0051889
0.006855 0.00486404
0.00687 0.00452867
0.006885 0.00418546
0.0069 0.00383695
0.006915 0.00348558
0.00693 0.00313366
0.006945 0.00278336
0.00696 0.00243673
0.006975 0.00209565
0.00699 0.00176189
0.007005 0.00143703
0.00702 0.00112255
0.007035 0.000819728
0.00705 0.000529741
0.007065 0.000253593
0.00708 -7.84646e-06
0.007095 -0.000253851
0.00711 -0.000483832
0.007125 -0.00069733
0.00714 -0.000894015
0.007155 -0.00107368
0.00717 -0.00123623
0.007185 -0.00138168
0.0072 -0.00151016
0.007215 -0.00162188
0.00723 -0.00171714
0.007245 -0.00179634
0.00726 -0.00185993
0.007275 -0.00190845
0.00729 -0.00194249
0.007305 -0.0019627
0.00732 -0.00196976
0.007335 -0.00196441
0.00735 -0.00194741
0.007365 -0.00191955
0.00738 -0.00188163
0.007395 -0.00183449
0.00741 -0.00177894
0.007425 -0.00171583
0.00744 -0.00164598
0.007455 -0.00157022
0.00747 -0.00148935
0.007485 -0.00140417
0.0075 -0.00131545
0.007515 -0.00122394
0.00753 -0.00113036
0.007545 -0.0010354
0.00756 -0.000939726
0.007575 -0.000843957
0.00759 -0.000748684
0.007605 -0.000654458
0.00762 -0.000561791
0.007635 -0.000471156
0.00765 -0.000382985
0.007665 -0.000297671
0.00768 -0.000215564
0.007695 -0.000136977
0.00771 -6.2181e-05
0.007725 8.59187e-06
0.00774 7.51471e-05
0.007755 0.000137328
0.00777 0.000195012
0.007785 0.000248113
0.0078 0.000296579
0.007815 0.000340385
0.00783 0.000379539
0.007845 0.000414078
0.00786 0.000444061
0.007875 0.000469575
0.00789 0.000490728
0.007905 0.000507646
0.00792 0.000520476
0.007935 0.000529381
0.00795 0.000534538
0.007965 0.000536135
0.00798 0.000534372
0.007995 0.000529458
0.00801 0.000521609
0.008025 0.000511044
0.00804 0.000497988
0.008055 0.000482668
0.00807 0.000465309
0.008085 0.000446137
0.0081 0.000425376
0.008115 0.000403247
0.00813 0.000379963
0.008145 0.000355735
0.00816 0.000330767
0.008175 0.000305253
0.00819 0.000279381
0.008205 0.000253331
0.00822 0.00022727
0.008235 0.000201359
0.00825 0.000175747
0.008265 0.000150571
0.00828 0.00012596
0.008295 0.00010203
0.00831 7.88872e-05
0.008325 5.66259e-05
0.00834 3.53297e-05
0.008355 1.50718e-05
0.00837 -4.0857e-06
0.008385 -2.20908e-05
0.0084 -3.89017e-05
0.008415 -5.44862e-05
0.00843 -6.88216e-05
0.008445 -8.18941e-05
0.00846 -9.36985e-05
0.008475 -0.000104237
0.00849 -0.000113521
0.008505 -0.000121567
0.00852 -0.000128399
0.008535 -0.000134046
0.00855 -0.000138545
0.008565 -0.000141935
0.00858 -0.000144261
0.008595 -0.000145572
0.00861 -0.000145918
0.008625 -0.000145356
0.00864 -0.000143941
0.008655 -0.000141733
0.00867 -0.000138791
0.008685 -0.000135177
0.0087 -0.000130952
0.008715 -0.000126179
0.00873 -0.000120918
0.008745 -0.00011523
0.00876 -0.000109174
0.008775 -0.00010281
0.00879 -9.6195e-05
0.008805 -8.93829e-05
0.00882 -8.24273e-05
0.008835 -7.5379e-05
0.00885 -6.82863e-05
0.008865 -6.11952e-05
0.00888 -5.41487e-05
0.008895 -4.7187e-05
0.00891 -4.03477e-05
0.008925 -3.36651e-05
0.00894 -2.71708e-05
0.008955 -2.08932e-05
0.00897 -1.48577e-05
0.008985 -9.08704e-06
0.009 -3.60062e-06
0.009015 1.58484e-06
0.00903 6.45545e-06
0.009045 1.10001e-05
0.00906 1.52103e-05
0.009075 1.908e-05
0.00909 2.26057e-05
0.009105 2.57863e-05
0.00912 2.86226e-05
0.009135 3.11176e-05
0.00915 3.32763e-05
0.009165 3.51052e-05
0.00918 3.66127e-05
0.009195 3.78084e-05
0.00921 3.87034e-05
0.009225 3.931e-05
0.00924 3.96415e-05
0.009255 3.9712e-05
0.00927 3.95365e-05
0.009285 3.91305e-05
0.0093 3.851e-05
0.009315 3.76915e-05
0.00933 3.66916e-05
0.009345 3.5527e-05
0.00936 3.42146e-05
0.009375 3.2771e-05
0.00939 3.12128e-05
0.009405 2.95561e-05
0.00942 2.78169e-05
0.009435 2.60107e-05
0.00945 2.41523e-05
0.009465 2.22562e-05
0.00948 2.03361e-05
0.009495 1.84051e-05
0.00951 1.64757e-05
0.009525 1.45595e-05
0.00954 1.26674e-05
0.009555 1.08094e-05
0.00957 8.99502e-06
0.009585 7.2326e-06
0.0096 5.52986e-06
0.009615 3.89364e-06
0.00963 2.33001e-06
0.009645 8.44205e-07
0.00966 -5.59292e-07
0.009675 -1.87678e-06
0.00969 -3.1053e-06
0.009705 -4.24259e-06
0.00972 -5.28712e-06
0.009735 -6.23796e-06
0.00975 -7.09484e-06
0.009765 -7.85808e-06
0.00978 -8.52854e-06
0.009795 -9.10759e-06
0.00981 -9.59708e-06
0.009825 -9.99931e-06
0.00984 -1.0317e-05
0.009855 -1.05531e-05
0.00987 -1.0711e-05
0.009885 -1.07944e-05
0.0099 -1.08071e-05
0.009915 -1.07533e-05
0.00993 -1.06371e-05
0.009945 -1.0463e-05
0.00996 -1.02354e-05
0.009975 -9.95886e-06
0.00999 -9.63792e-06
0.010005 -9.27716e-06
0.01002 -8.88113e-06
0.010035 -8.45431e-06
0.01005 -8.00112e-06
0.010065 -7.52586e-06
0.01008 -7.03273e-06
0.010095 -6.52579e-06
0.01011 -6.00893e-06
0.010125 -5.4859e-06
0.01014 -4.96023e-06
0.010155 -4.43528e-06
0.01017 -3.91422e-06
0.010185 -3.39998e-06
0.0102 -2.8953e-06
0.010215 -2.40268e-06
0.01023 -1.92442e-06
0.010245 -1.46259e-06
0.01026 -1.01902e-06
0.010275 -5.95362e-07
0.01029 -1.93007e-07
0.010305 1.86843e-07
0.01032 5.43199e-07
0.010335 8.75273e-07
0.01035 1.18247e-06
0.010365 1.46439e-06
0.01038 1.72079e-06
0.010395 1.95163e-06
0.01041 2.15699e-06
0.010425 2.33712e-06
0.01044 2.49242e-06
0.010455 2.62339e-06
0.01047 2.73068e-06
0.010485 2.81502e-06
0.0105 2.87725e-06
0.010515 2.9183e-06
0.01053 2.93915e-06
0.010545 2.94087e-06
0.01056 2.92458e-06
0.010575 2.89143e-06
0.01059 2.84262e-06
0.010605 2.77937e-06
0.01062 2.70291e-06
0.010635 2.61449e-06
0.01065 2.51535e-06
0.010665 2.40672e-06
0.01068 2.28982e-06
0.010695 2.16586e-06
0.01071 2.036e-06
0.010725 1.90138e-06
0.01074 1.76311e-06
0.010755 1.62223e-06
0.01077 1.47976e-06
0.010785 1.33666e-06
0.0108 1.19385e-06
0.010815 1.05217e-06
0.01083 9.12413e-07
0.010845 7.75327e-07
0.01086 6.41588e-07
0.010875 5.11811e-07
0.01089 3.86554e-07
0.010905 2.66316e-07
0.01092 1.51531e-07
0.010935 4.2579e-08
0.01095 -6.022e-08
0.010965 -1.56602e-07
0.01098 -2.46358e-07
0.010995 -3.2933e-07
0.01101 -4.05414e-07
0.011025 -4.7455e-07
0.01104 -5.36726e-07
0.011055 -5.91974e-07
0.01107 -6.40365e-07
0.011085 -6.82007e-07
0.0111 -7.17044e-07
0.011115 -7.45652e-07
0.01113 -7.68034e-07
0.011145 -7.8442e-07
0.01116 -7.95064e-07
0.011175 -8.00239e-07
0.01119 -8.00235e-07
0.011205 -7.95357e-07
0.01122 -7.85921e-07
0.011235 -7.72254e-07
0.01125 -7.54687e-07
0.011265 -7.33557e-07
0.01128 -7.09203e-07
0.011295 -6.81962e-07
0.01131 -6.52171e-07
0.011325 -6.2016e-07
0.01134 -5.86256e-07
0.011355 -5.50776e-07
0.01137 -5.1403e-07
0.011385 -4.76315e-07
0.0114 -4.37919e-07
0.011415 -3.99115e-07
0.01143 -3.60164e-07
0.011445 -3.21312e-07
0.01146 -2.82789e-07
0.011475 -2.4481e-07
0.01149 -2.07576e-07
0.011505 -1.71269e-07
0.01152 -1.36055e-07
0.011535 -1.02086e-07
0.01155 -6.94932e-08
0.011565 -3.83957e-08
0.01158 -8.89464e-09
0.011595 1.89244e-08
0.01161 4.49908e-08
0.011625 6.92491e-08
0.01164 9.16579e-08
0.011655 1.1219e-07
0.01167 1.3083e-07
0.011685 1.47575e-07
0.0117 1.62437e-07
0.011715 1.75434e-07
0.01173 1.86598e-07
0.011745 1.95969e-07
0.01176 2.03594e-07
0.011775 2.0953e-07
0.01179 2.13841e-07
0.011805 2.16595e-07
0.01182 2.17868e-07
0.011835 2.17739e-07
0.01185 2.16291e-07
0.011865 2.13611e-07
0.01188 2.09788e-07
0.011895 2.04912e-07
0.01191 1.99075e-07
0.011925 1.92368e-07
0.01194 1.84885e-07
0.011955 1.76716e-07
0.01197 1.67951e-07
0.011985 1.58679e-07
0.012 1.48987e-07
0.012015 1.38957e-07
0.01203 1.28671e-07
0.012045 1.18207e-07
0.01206 1.07638e-07
0.012075 9.70364e-08
0.01209 8.64673e-08
0.012105 7.59936e-08
0.01212 6.56734e-08
0.012135 5.55606e-08
0.01215 4.57045e-08
0.012165 3.61501e-08
0.01218 2.69379e-08
0.012195 1.81037e-08
0.01221 9.67922e-09
0.012225 1.69158e-09
0.01224 -5.83626e-09
0.012255 -1.28855e-08
0.01227 -1.94414e-08
0.012285 -2.5493e-08
0.0123 -3.10332e-08
0.012315 -3.60583e-08
0.01233 -4.0568e-08
0.012345 -4.45651e-08
0.01236 -4.80556e-08
0.012375 -5.1048e-08
0.01239 -5.35533e-08
0.012405 -5.55849e-08
0.01242 -5.71584e-08
0.012435 -5.82911e-08
0.01245 -5.90022e-08
0.012465 -5.93119e-08
0.01248 -5.92422e-08
0.012495 -5.88157e-08
0.01251 -5.80561e-08
0.012525 -5.69876e-08
0.01254 -5.56348e-08
0.012555 -5.40228e-08
0.01257 -5.21766e-08
0.012585 -5.01212e-08
0.0126 -4.78815e-08
0.012615 -4.5482e-08
0.01263 -4.29466e-08
0.012645 -4.02989e-08
0.01266 -3.75616e-08
0.012675 -3.47565e-08
0.01269 -3.19049e-08
0.012705 -2.90267e-08
0.01272 -2.61412e-08
0.012735 -2.32662e-08
0.01275 -2.04187e-08
0.012765 -1.76144e-08
0.01278 -1.48679e-08
0.012795 -1.21925e-08
0.01281 -9.60026e-09
0.012825 -7.10211e-09
0.01284 -4.70773e-09
0.012855 -2.42559e-09
0.01287 -2.62993e-10
0.012885 1.77393e-09
0.0129 3.68016e-09
0.012915 5.45179e-09
0.01293 7.08595e-09
0.012945 8.58076e-09
0.01296 9.93533e-09
0.012975 1.11497e-08
0.01299 1.22246e-08
0.013005 1.31618e-08
0.01302 1.39637e-08
0.013035 1.46334e-08
0.01305 1.51745e-08
0.013065 1.55913e-08
0.01308 1.58886e-08
0.013095 1.60717e-08
0.01311 1.61461e-08
0.013125 1.61177e-08
0.01314 1.59929e-08
0.013155 1.57779e-08
0.01317 1.54796e-08
0.013185 1.51045e-08
0.0132 1.46594e-08
0.013215 1.41513e-08
0.01323 1.35869e-08
0.013245 1.29729e-08
0.01326 1.23161e-08
0.013275 1.16229e-08
0.01329 1.08997e-08
0.013305 1.01527e-08
0.01332 9.38776e-09
0.013335 8.61069e-09
0.01335 7.82691e-09
0.013365 7.04158e-09
0.01338 6.25958e-09
0.013395 5.48548e-09
0.01341 4.72352e-09
0.013425 3.97764e-09
0.01344 3.25143e-09
0.013455 2.54815e-09
0.01347 1.87074e-09
0.013485 1.22181e-09
0.0135 6.03625e-10
0.013515 1.8148e-11
0.01353 -5.32982e-10
0.013545 -1.04843e-09
0.01356 -1.52715e-09
0.013575 -1.9684e-09
0.01359 -2.37169e-09
0.013605 -2.7368e-09
0.01362 -3.06375e-09
0.013635 -3.35279e-09
0.01365 -3.6044e-09
0.013665 -3.81925e-09
0.01368 -3.99819e-09
0.013695 -4.14225e-09
0.01371 -4.25259e-09
0.013725 -4.33054e-09
0.01374 -4.37752e-09
0.013755 -4.39508e-09
0.01377 -4.38483e-09
0.013785 -4.34848e-09
0.0138 -4.28777e-09
0.013815 -4.20453e-09
0.01383 -4.10057e-09
0.013845 -3.97775e-09
0.01386 -3.83794e-09
0.013875 -3.68297e-09
0.01389 -3.51469e-09
0.013905 -3.33491e-09
0.01392 -3.1454e-09
0.013935 -2.94788e-09
0.01395 -2.74403e-09
0.013965 -2.53546e-09
0.01398 -2.32372e-09
0.013995 -2.1103e-09
0.01401 -1.89657e-09
0.014025 -1.68388e-09
0.01404 -1.47345e-09
0.014055 -1.26642e-09
0.01407 -1.06387e-09
0.014085 -8.66757e-10
0.0141 -6.75966e-10
0.014115 -4.92287e-10
0.01413 -3.16419e-10
0.014145 -1.48975e-10
0.01416 9.52184e-12
0.014175 1.58633e-10
0.01419 2.98001e-10
0.014205 4.27352e-10
0.01422 5.46487e-10
0.014235 6.55282e-10
0.01425 7.53683e-10
0.014265 8.41701e-10
0.01428 9.19412e-10
0.014295 9.8695e-10
0.01431 1.0445e-09
0.014325 1.0923e-09
0.01434 1.13064e-09
0.014355 1.15983e-09
0.01437 1.18024e-09
0.014385 1.19226e-09
0.0144 1.19631e-09
0.014415 1.19283e-09
0.01443 1.1823e-09
0.014445 1.16518e-09
0.01446 1.14197e-09
0.014475 1.11317e-09
0.01449 1.07929e-09
0.014505 1.04083e-09
0.01452 9.98287e-10
0.014535 9.5217e-10
0.01455 9.02969e-10
0.014565 8.51163e-10
0.01458 7.97221e-10
0.014595 7.41598e-10
0.01461 6.84732e-10
0.014625 6.27042e-10
0.01464 5.68927e-10
0.014655 5.10768e-10
0.01467 4.5292e-10
0.014685 3.95718e-10
0.0147 3.39473e-10
0.014715 2.8447e-10
0.01473 2.30971e-10
0.014745 1.79214e-10
0.01476 1.29412e-10
0.014775 8.17523e-11
0.01479 3.63997e-11
0.014805 -6.50531e-12
0.01482 -4.68456e-11
0.014835 -8.45263e-11
0.01485 -1.19475e-10
0.014865 -1.51638e-10
0.01488 -1.80985e-10
0.014895 -2.07503e-10
0.01491 -2.31195e-10
0.014925 -2.52086e-10
0.01494 -2.70211e-10
0.014955 -2.85623e-10
0.01497 -2.98389e-10
0.014985 -3.08586e-10
0.015 -3.16303e-10
0.015015 -3.2164e-10
0.01503 -3.24703e-10
0.015045 -3.25608e-10
0.01506 -3.24476e-10
0.015075 -3.21435e-10
0.01509 -3.16615e-10
0.015105 -3.1015e-10
0.01512 -3.02176e-10
0.015135 -2.92831e-10
0.01515 -2.82252e-10
0.015165 -2.70577e-10
0.01518 -2.57941e-10
0.015195 -2.44477e-10
0.01521 -2.30317e-10
0.015225 -2.15587e-10
0.01524 -2.00411e-10
0.015255 -1.84907e-10
0.01527 -1.69189e-10
0.015285 -1.53366e-10
0.0153 -1.3754e-10
0.015315 -1.21808e-10
0.01533 -1.0626e-10
0.015345 -9.09793e-11
0.01536 -7.6044e-11
0.015375 -6.15245e-11
0.01539 -4.74848e-11
0.015405 -3.39822e-11
0.01542 -2.10672e-11
0.015435 -8.78405e-12
0.01545 2.8297e-12
0.015465 1.37427e-11
0.01548 2.39297e-11
0.015495 3.33714e-11
0.01551 4.20542e-11
0.015525 4.99697e-11
0.01554 5.71151e-11
0.015555 6.3492e-11
0.01557 6.91069e-11
0.015585 7.39703e-11
0.0156 7.8097e-11
0.015615 8.15051e-11
0.01563 8.42162e-11
0.015645 8.62547e-11
0.01566 8.76479e-11
0.015675 8.84252e-11
0.01569 8.86182e-11
0.015705 8.826e-11
0.01572 8.73853e-11
0.015735 8.60299e-11
0.01575 8.42301e-11
0.015765 8.20233e-11
0.01578 7.94467e-11
0.015795 7.65378e-11
0.01581 7.3334e-11
0.015825 6.9872e-11
0.01584 6.61882e-11
0.015855 6.2318e-11
0.01587 5.8296e-11
0.015885 5.41556e-11
0.0159 4.99291e-11
0.015915 4.56472e-11
0.01593 4.13392e-11
0.015945 3.7033e-11
0.01596 3.27547e-11
0.015975 2.85286e-11
0.01599 2.43775e-11
0.016005 2.03222e-11
0.01602 1.63818e-11
0.016035 1.25736e-11
0.01605 8.91285e-12
0.016065 5.41329e-12
0.01608 2.08672e-12
0.016095 -1.05677e-12
0.01611 -4.00883e-12
0.016125 -6.76272e-12
0.01614 -9.31334e-12
0.016155 -1.16571e-11
0.01617 -1.37919e-11
0.016185 -1.57171e-11
0.0162 -1.74333e-11
0.016215 -1.89422e-11
0.01623 -2.0247e-11
0.016245 -2.13516e-11
0.01626 -2.22612e-11
0.016275 -2.29817e-11
0.01629 -2.35197e-11
0.016305 -2.38829e-11
0.01632 -2.40792e-11
0.016335 -2.41172e-11
0.01635 -2.40062e-11
0.016365 -2.37554e-11
0.01638 -2.33747e-11
0.016395 -2.2874e-11
0.01641 -2.22635e-11
0.016425 -2.15533e-11
0.01644 -2.07536e-11
0.016455 -1.98746e-11
0.01647 -1.89262e-11
0.016485 -1.79184e-11
0.0165 -1.68608e-11
0.016515 -1.57626e-11
0.01653 -1.46332e-11
0.016545 -1.3481e-11
0.01656 -1.23146e-11
0.016575 -1.11417e-11
0.01659 -9.9701e-12
0.016605 -8.80668e-12
0.01662 -7.65809e-12
0.016635 -6.53045e-12
0.01665 -5.4294e-12
0.016665 -4.36008e-12
0.01668 -3.32714e-12
0.016695 -2.33472e-12
0.01671 -1.38649e-12
0.016725 -4.85627e-13
0.01674 3.65178e-13
0.016755 1.16368e-12
0.01677 1.90811e-12
0.016785 2.5971e-12
0.0168 3.22971e-12
0.016815 3.80543e-12
0.01683 4.32408e-12
0.016845 4.78587e-12
0.01686 5.19133e-12
0.016875 5.5413e-12
0.01689 5.83693e-12
0.016905 6.0796e-12
0.01692 6.27096e-12
0.016935 6.41286e-12
0.01695 6.50735e-12
0.016965 6.55664e-12
0.01698 6.56309e-12
0.016995 6.52918e-12
0.01701 6.4575e-12
0.017025 6.35071e-12
0.01704 6.21152e-12
0.017055 6.04269e-12
0.01707 5.84698e-12
0.017085 5.62718e-12
0.0171 5.38604e-12
0.017115 5.12629e-12
0.01713 4.8506e-12
0.017145 4.56158e-12
0.01716 4.2618e-12
0.017175 3.9537e-12
0.01719 3.63964e-12
0.017205 3.32191e-12
0.01722 3.00264e-12
0.017235 2.68387e-12
0.01725 2.36751e-12
0.017265 2.05535e-12
0.01728 1.74904e-12
0.017295 1.45011e-12
0.01731 1.15994e-12
0.017325 8.79782e-13
0.01734 6.10753e-13
0.017355 3.53837e-13
0.01737 1.09887e-13
0.017385 -1.20375e-13
0.0174 -3.36352e-13
0.017415 -5.3757e-13
0.01743 -7.2367e-13
0.017445 -8.94409e-13
0.01746 -1.04965e-12
0.017475 -1.18936e-12
0.01749 -1.31361e-12
0.017505 -1.42254e-12
0.01752 -1.5164e-12
0.017535 -1.59549e-12
0.01755 -1.66021e-12
0.017565 -1.71102e-12
0.01758 -1.7484e-12
0.017595 -1.77294e-12
0.01761 -1.78524e-12
0.017625 -1.78593e-12
0.01764 -1.77571e-12
0.017655 -1.75528e-12
0.01767 -1.72535e-12
0.017685 -1.68668e-12
0.0177 -1.64001e-12
0.017715 -1.58609e-12
0.01773 -1.52569e-12
0.017745 -1.45955e-12
0.01776 -1.38842e-12
0.017775 -1.31301e-12
0.01779 -1.23404e-12
0.017805 -1.1522e-12
0.01782 -1.06817e-12
0.017835 -9.82568e-13
0.01785 -8.96023e-13
0.017865 -8.09113e-13
0.01788 -7.2239e-13
0.017895 -6.36371e-13
0.01791 -5.51539e-13
0.017925 -4.68339e-13
0.01794 -3.87184e-13
0.017955 -3.08446e-13
0.01797 -2.32464e-13
0.017985 -1.59538e-13
0.018 -8.99317e-14
0.018015 -2.38746e-14
0.01803 3.84403e-14
0.018045 9.68535e-14
0.01806 1.51239e-13
0.018075 2.01502e-13
0.01809 2.4758e-13
0.018105 2.89438e-13
0.01812 3.27069e-13
0.018135 3.60494e-13
0.01815 3.89755e-13
0.018165 4.1492e-13
0.01818 4.36077e-13
0.018195 4.53333e-13
0.01821 4.66811e-13
0.018225 4.76653e-13
0.01824 4.83013e-13
0.018255 4.86056e-13
0.01827 4.85959e-13
0.018285 4.82908e-13
0.0183 4.77095e-13
0.018315 4.68718e-13
0.01833 4.5798e-13
0.018345 4.45083e-13
0.01836 4.30235e-13
0.018375 4.1364e-13
0.01839 3.95502e-13
0.018405 3.76022e-13
0.01842 3.55399e-13
0.018435 3.33825e-13
0.01845 3.11487e-13
0.018465 2.88566e-13
0.01848 2.65237e-13
0.018495 2.41665e-13
0.01851 2.18008e-13
0.018525 1.94416e-13
0.01854 1.71028e-13
0.018555 1.47975e-13
0.01857 1.25377e-13
0.018585 1.03346e-13
0.0186 8.19817e-14
0.018615 6.13754e-14
0.01863 4.16081e-14
0.018645 2.27508e-14
0.01866 4.86468e-15
0.018675 -1.19984e-14
0.01869 -2.77959e-14
0.018705 -4.24943e-14
0.01872 -5.60689e-14
0.018735 -6.8503e-14
